0.000109
0.123099
0.183695
0.231091
0.272291
0.322845
0.369652
0.410938
0.439875
0.467538
0.492036
0.516870
0.541785
0.566518
0.589387
0.611265
0.633311
0.654254
0.675703
0.695249
0.715248
0.735128
0.754215
0.773506
0.793291
0.813272
0.833956
0.851435
0.870412
0.890461
0.911096
0.933479
0.956204
0.977081
0.998529
1.022290
1.045178
1.069704
1.092800
1.119364
1.143324
1.165500
1.188192
1.210393
1.231756
1.254034
1.277200
1.299249
1.321963
1.344098
1.366589
1.389578
1.411563
1.435246
1.458389
1.481488
1.502824
1.524217
1.545570
1.566580
1.587220
1.608766
1.630557
1.651929
1.673467
1.694950
1.717574
1.740944
1.764181
1.786290
1.809033
1.829878
1.850357
1.871100
1.893945
1.916470
1.940500
1.964156
1.987336
2.011702
2.037826
2.064200
2.089874
2.114772
2.138720
2.158747
2.175508
2.192099
2.208801
2.224098
2.239109
2.254169
2.268315
2.283280
2.298053
2.312182
2.326710
2.341729
2.356653
2.372865
2.389163
2.404840
2.421625
2.439011
2.458618
2.478337
2.499430
2.520822
2.543749
2.567705
2.593429
2.620780
2.650500
2.682746
2.719945
2.760937
2.807692
2.859424
2.911115
2.965558
3.022654
3.082038
3.148447
3.219139
3.312324
3.456439
3.668174
3.962461
7.038974
