0.000109
0.055100
0.110091
0.165082
0.220073
0.275064
0.330056
0.385047
0.440038
0.495029
0.550020
0.605011
0.660002
0.714993
0.769985
0.824976
0.879967
0.934958
0.989949
1.044940
1.099931
1.154923
1.209914
1.264905
1.319896
1.374887
1.429878
1.484869
1.539860
1.594852
1.649843
1.704834
1.759825
1.814816
1.869807
1.924798
1.979790
2.034781
2.089772
2.144763
2.199754
2.254745
2.309736
2.364727
2.419719
2.474710
2.529701
2.584692
2.639683
2.694674
2.749665
2.804656
2.859648
2.914639
2.969630
3.024621
3.079612
3.134603
3.189594
3.244586
3.299577
3.354568
3.409559
3.464550
3.519541
3.574532
3.629523
3.684515
3.739506
3.794497
3.849488
3.904479
3.959470
4.014461
4.069453
4.124444
4.179435
4.234426
4.289417
4.344408
4.399399
4.454390
4.509382
4.564373
4.619364
4.674355
4.729346
4.784337
4.839328
4.894320
4.949311
5.004302
5.059293
5.114284
5.169275
5.224266
5.279257
5.334249
5.389240
5.444231
5.499222
5.554213
5.609204
5.664195
5.719186
5.774178
5.829169
5.884160
5.939151
5.994142
6.049133
6.104124
6.159116
6.214107
6.269098
6.324089
6.379080
6.434071
6.489062
6.544053
6.599045
6.654036
6.709027
6.764018
6.819009
6.874000
6.928991
6.983983
7.038974
