0.000109
0.110091
0.220073
0.330056
0.440038
0.550020
0.660002
0.769985
0.879967
0.989949
1.099931
1.209914
1.319896
1.429878
1.539860
1.649843
1.759825
1.869807
1.979790
2.089772
2.199754
2.309736
2.419719
2.529701
2.639683
2.749665
2.859648
2.969630
3.079612
3.189594
3.299577
3.409559
3.519541
3.629523
3.739506
3.849488
3.959470
4.069453
4.179435
4.289417
4.399399
4.509382
4.619364
4.729346
4.839328
4.949311
5.059293
5.169275
5.279257
5.389240
5.499222
5.609204
5.719186
5.829169
5.939151
6.049133
6.159116
6.269098
6.379080
6.489062
6.599045
6.709027
6.819009
6.928991
7.038974
