0.000109
0.013857
0.027604
0.041352
0.055100
0.068848
0.082595
0.096343
0.110091
0.123839
0.137587
0.151334
0.165082
0.178830
0.192578
0.206326
0.220073
0.233821
0.247569
0.261317
0.275064
0.288812
0.302560
0.316308
0.330056
0.343803
0.357551
0.371299
0.385047
0.398794
0.412542
0.426290
0.440038
0.453786
0.467533
0.481281
0.495029
0.508777
0.522525
0.536272
0.550020
0.563768
0.577516
0.591263
0.605011
0.618759
0.632507
0.646255
0.660002
0.673750
0.687498
0.701246
0.714993
0.728741
0.742489
0.756237
0.769985
0.783732
0.797480
0.811228
0.824976
0.838724
0.852471
0.866219
0.879967
0.893715
0.907462
0.921210
0.934958
0.948706
0.962454
0.976201
0.989949
1.003697
1.017445
1.031192
1.044940
1.058688
1.072436
1.086184
1.099931
1.113679
1.127427
1.141175
1.154923
1.168670
1.182418
1.196166
1.209914
1.223661
1.237409
1.251157
1.264905
1.278653
1.292400
1.306148
1.319896
1.333644
1.347391
1.361139
1.374887
1.388635
1.402383
1.416130
1.429878
1.443626
1.457374
1.471122
1.484869
1.498617
1.512365
1.526113
1.539860
1.553608
1.567356
1.581104
1.594852
1.608599
1.622347
1.636095
1.649843
1.663591
1.677338
1.691086
1.704834
1.718582
1.732329
1.746077
1.759825
1.773573
1.787321
1.801068
1.814816
1.828564
1.842312
1.856059
1.869807
1.883555
1.897303
1.911051
1.924798
1.938546
1.952294
1.966042
1.979790
1.993537
2.007285
2.021033
2.034781
2.048528
2.062276
2.076024
2.089772
2.103520
2.117267
2.131015
2.144763
2.158511
2.172258
2.186006
2.199754
2.213502
2.227250
2.240997
2.254745
2.268493
2.282241
2.295989
2.309736
2.323484
2.337232
2.350980
2.364727
2.378475
2.392223
2.405971
2.419719
2.433466
2.447214
2.460962
2.474710
2.488457
2.502205
2.515953
2.529701
2.543449
2.557196
2.570944
2.584692
2.598440
2.612188
2.625935
2.639683
2.653431
2.667179
2.680926
2.694674
2.708422
2.722170
2.735918
2.749665
2.763413
2.777161
2.790909
2.804656
2.818404
2.832152
2.845900
2.859648
2.873395
2.887143
2.900891
2.914639
2.928387
2.942134
2.955882
2.969630
2.983378
2.997125
3.010873
3.024621
3.038369
3.052117
3.065864
3.079612
3.093360
3.107108
3.120856
3.134603
3.148351
3.162099
3.175847
3.189594
3.203342
3.217090
3.230838
3.244586
3.258333
3.272081
3.285829
3.299577
3.313324
3.327072
3.340820
3.354568
3.368316
3.382063
3.395811
3.409559
3.423307
3.437055
3.450802
3.464550
3.478298
3.492046
3.505793
3.519541
3.533289
3.547037
3.560785
3.574532
3.588280
3.602028
3.615776
3.629523
3.643271
3.657019
3.670767
3.684515
3.698262
3.712010
3.725758
3.739506
3.753254
3.767001
3.780749
3.794497
3.808245
3.821992
3.835740
3.849488
3.863236
3.876984
3.890731
3.904479
3.918227
3.931975
3.945722
3.959470
3.973218
3.986966
4.000714
4.014461
4.028209
4.041957
4.055705
4.069453
4.083200
4.096948
4.110696
4.124444
4.138191
4.151939
4.165687
4.179435
4.193183
4.206930
4.220678
4.234426
4.248174
4.261921
4.275669
4.289417
4.303165
4.316913
4.330660
4.344408
4.358156
4.371904
4.385652
4.399399
4.413147
4.426895
4.440643
4.454390
4.468138
4.481886
4.495634
4.509382
4.523129
4.536877
4.550625
4.564373
4.578121
4.591868
4.605616
4.619364
4.633112
4.646859
4.660607
4.674355
4.688103
4.701851
4.715598
4.729346
4.743094
4.756842
4.770589
4.784337
4.798085
4.811833
4.825581
4.839328
4.853076
4.866824
4.880572
4.894320
4.908067
4.921815
4.935563
4.949311
4.963058
4.976806
4.990554
5.004302
5.018050
5.031797
5.045545
5.059293
5.073041
5.086788
5.100536
5.114284
5.128032
5.141780
5.155527
5.169275
5.183023
5.196771
5.210519
5.224266
5.238014
5.251762
5.265510
5.279257
5.293005
5.306753
5.320501
5.334249
5.347996
5.361744
5.375492
5.389240
5.402987
5.416735
5.430483
5.444231
5.457979
5.471726
5.485474
5.499222
5.512970
5.526718
5.540465
5.554213
5.567961
5.581709
5.595456
5.609204
5.622952
5.636700
5.650448
5.664195
5.677943
5.691691
5.705439
5.719186
5.732934
5.746682
5.760430
5.774178
5.787925
5.801673
5.815421
5.829169
5.842917
5.856664
5.870412
5.884160
5.897908
5.911655
5.925403
5.939151
5.952899
5.966647
5.980394
5.994142
6.007890
6.021638
6.035386
6.049133
6.062881
6.076629
6.090377
6.104124
6.117872
6.131620
6.145368
6.159116
6.172863
6.186611
6.200359
6.214107
6.227854
6.241602
6.255350
6.269098
6.282846
6.296593
6.310341
6.324089
6.337837
6.351585
6.365332
6.379080
6.392828
6.406576
6.420323
6.434071
6.447819
6.461567
6.475315
6.489062
6.502810
6.516558
6.530306
6.544053
6.557801
6.571549
6.585297
6.599045
6.612792
6.626540
6.640288
6.654036
6.667784
6.681531
6.695279
6.709027
6.722775
6.736522
6.750270
6.764018
6.777766
6.791514
6.805261
6.819009
6.832757
6.846505
6.860252
6.874000
6.887748
6.901496
6.915244
6.928991
6.942739
6.956487
6.970235
6.983983
6.997730
7.011478
7.025226
7.038974
