0.000109
0.061824
0.084948
0.106058
0.123099
0.139157
0.154324
0.170525
0.183695
0.193694
0.207168
0.219349
0.231091
0.241088
0.250253
0.261784
0.272291
0.284917
0.297462
0.309820
0.322845
0.336035
0.347711
0.359416
0.369652
0.381990
0.391799
0.401584
0.410938
0.419163
0.425820
0.433279
0.439875
0.447180
0.454698
0.460662
0.467538
0.473658
0.480206
0.485666
0.492036
0.498142
0.504801
0.511027
0.516870
0.523860
0.529357
0.535156
0.541785
0.548031
0.554298
0.560342
0.566518
0.572320
0.578646
0.583486
0.589387
0.595036
0.600740
0.606201
0.611265
0.616820
0.622126
0.627742
0.633311
0.638918
0.644371
0.649293
0.654254
0.659109
0.664648
0.670134
0.675703
0.679853
0.684583
0.689874
0.695249
0.700649
0.705618
0.710405
0.715248
0.720307
0.725479
0.730489
0.735128
0.740183
0.745088
0.749968
0.754215
0.758699
0.763529
0.768825
0.773506
0.778792
0.783714
0.788766
0.793291
0.798464
0.803640
0.808325
0.813272
0.818145
0.823521
0.828640
0.833956
0.838708
0.843103
0.847557
0.851435
0.856300
0.860638
0.865248
0.870412
0.875523
0.880670
0.885196
0.890461
0.895566
0.900384
0.905639
0.911096
0.916926
0.922073
0.927728
0.933479
0.938911
0.944496
0.950422
0.956204
0.961153
0.966215
0.971376
0.977081
0.983030
0.987909
0.992999
0.998529
1.004873
1.010393
1.016340
1.022290
1.027191
1.033351
1.039116
1.045178
1.051024
1.057340
1.063497
1.069704
1.075188
1.080379
1.086774
1.092800
1.099003
1.105800
1.112435
1.119364
1.124705
1.130900
1.137302
1.143324
1.148682
1.154517
1.159897
1.165500
1.171018
1.176747
1.182257
1.188192
1.194255
1.199432
1.204498
1.210393
1.215791
1.221403
1.226540
1.231756
1.237902
1.243801
1.249170
1.254034
1.259739
1.265356
1.271171
1.277200
1.283483
1.289056
1.293997
1.299249
1.305131
1.310809
1.316403
1.321963
1.327526
1.333309
1.338780
1.344098
1.350060
1.355994
1.361374
1.366589
1.372048
1.378318
1.383489
1.389578
1.394575
1.399686
1.405695
1.411563
1.417491
1.423337
1.429380
1.435246
1.440861
1.446526
1.452571
1.458389
1.464054
1.469775
1.475579
1.481488
1.486889
1.492153
1.497329
1.502824
1.508613
1.513885
1.518729
1.524217
1.529828
1.534638
1.540305
1.545570
1.550608
1.555773
1.561199
1.566580
1.571707
1.577293
1.582529
1.587220
1.592421
1.597833
1.603552
1.608766
1.614112
1.619548
1.625340
1.630557
1.635700
1.641270
1.646503
1.651929
1.657447
1.662903
1.668751
1.673467
1.678849
1.684306
1.689254
1.694950
1.700098
1.705871
1.711250
1.717574
1.723471
1.729433
1.735055
1.740944
1.746375
1.752160
1.758429
1.764181
1.769591
1.774804
1.780407
1.786290
1.792229
1.797996
1.803887
1.809033
1.814345
1.819734
1.824536
1.829878
1.834739
1.839971
1.845148
1.850357
1.855897
1.861246
1.865626
1.871100
1.877003
1.882809
1.888745
1.893945
1.899860
1.904836
1.910784
1.916470
1.922852
1.928584
1.934130
1.940500
1.946745
1.952599
1.958872
1.964156
1.968815
1.975094
1.981411
1.987336
1.993786
1.999349
2.005815
2.011702
2.017991
2.024397
2.031186
2.037826
2.044337
2.051452
2.057969
2.064200
2.070966
2.077315
2.083304
2.089874
2.096429
2.102833
2.108580
2.114772
2.121159
2.127648
2.132696
2.138720
2.144664
2.150060
2.154320
2.158747
2.162654
2.167063
2.171601
2.175508
2.179740
2.183777
2.188071
2.192099
2.196044
2.200076
2.204405
2.208801
2.212695
2.216400
2.220092
2.224098
2.227776
2.231484
2.235500
2.239109
2.243189
2.246889
2.250684
2.254169
2.257662
2.261166
2.264518
2.268315
2.272248
2.275838
2.279471
2.283280
2.287102
2.291052
2.294539
2.298053
2.301641
2.304996
2.308474
2.312182
2.315716
2.319472
2.323102
2.326710
2.330519
2.334249
2.337897
2.341729
2.345769
2.349368
2.352753
2.356653
2.360571
2.364524
2.368737
2.372865
2.376964
2.381142
2.385238
2.389163
2.392812
2.396630
2.400788
2.404840
2.408693
2.413251
2.417521
2.421625
2.425929
2.429894
2.434288
2.439011
2.443786
2.448677
2.453590
2.458618
2.463256
2.468221
2.473001
2.478337
2.483797
2.489159
2.494220
2.499430
2.504508
2.509985
2.515331
2.520822
2.526720
2.532589
2.538187
2.543749
2.549550
2.555778
2.561402
2.567705
2.573888
2.580090
2.587125
2.593429
2.599438
2.606697
2.614114
2.620780
2.627892
2.634537
2.642907
2.650500
2.658118
2.665989
2.674394
2.682746
2.692160
2.701223
2.710319
2.719945
2.729785
2.739821
2.749850
2.760937
2.772177
2.784011
2.795331
2.807692
2.820092
2.832910
2.846322
2.859424
2.872303
2.885001
2.896802
2.911115
2.925246
2.938937
2.951594
2.965558
2.978565
2.993035
3.007497
3.022654
3.037042
3.052005
3.066721
3.082038
3.099219
3.114392
3.132101
3.148447
3.164234
3.182698
3.203004
3.219139
3.239442
3.262839
3.288784
3.312324
3.339518
3.371081
3.407452
3.456439
3.511782
3.562209
3.615308
3.668174
3.730855
3.795213
3.866733
3.962461
4.085239
4.298218
5.294902
7.038974
