0.000109
0.183695
0.272291
0.369652
0.439875
0.492036
0.541785
0.589387
0.633311
0.675703
0.715248
0.754215
0.793291
0.833956
0.870412
0.911096
0.956204
0.998529
1.045178
1.092800
1.143324
1.188192
1.231756
1.277200
1.321963
1.366589
1.411563
1.458389
1.502824
1.545570
1.587220
1.630557
1.673467
1.717574
1.764181
1.809033
1.850357
1.893945
1.940500
1.987336
2.037826
2.089874
2.138720
2.175508
2.208801
2.239109
2.268315
2.298053
2.326710
2.356653
2.389163
2.421625
2.458618
2.499430
2.543749
2.593429
2.650500
2.719945
2.807692
2.911115
3.022654
3.148447
3.312324
3.668174
7.038974
