0.000109
0.027604
0.055100
0.082595
0.110091
0.137587
0.165082
0.192578
0.220073
0.247569
0.275064
0.302560
0.330056
0.357551
0.385047
0.412542
0.440038
0.467533
0.495029
0.522525
0.550020
0.577516
0.605011
0.632507
0.660002
0.687498
0.714993
0.742489
0.769985
0.797480
0.824976
0.852471
0.879967
0.907462
0.934958
0.962454
0.989949
1.017445
1.044940
1.072436
1.099931
1.127427
1.154923
1.182418
1.209914
1.237409
1.264905
1.292400
1.319896
1.347391
1.374887
1.402383
1.429878
1.457374
1.484869
1.512365
1.539860
1.567356
1.594852
1.622347
1.649843
1.677338
1.704834
1.732329
1.759825
1.787321
1.814816
1.842312
1.869807
1.897303
1.924798
1.952294
1.979790
2.007285
2.034781
2.062276
2.089772
2.117267
2.144763
2.172258
2.199754
2.227250
2.254745
2.282241
2.309736
2.337232
2.364727
2.392223
2.419719
2.447214
2.474710
2.502205
2.529701
2.557196
2.584692
2.612188
2.639683
2.667179
2.694674
2.722170
2.749665
2.777161
2.804656
2.832152
2.859648
2.887143
2.914639
2.942134
2.969630
2.997125
3.024621
3.052117
3.079612
3.107108
3.134603
3.162099
3.189594
3.217090
3.244586
3.272081
3.299577
3.327072
3.354568
3.382063
3.409559
3.437055
3.464550
3.492046
3.519541
3.547037
3.574532
3.602028
3.629523
3.657019
3.684515
3.712010
3.739506
3.767001
3.794497
3.821992
3.849488
3.876984
3.904479
3.931975
3.959470
3.986966
4.014461
4.041957
4.069453
4.096948
4.124444
4.151939
4.179435
4.206930
4.234426
4.261921
4.289417
4.316913
4.344408
4.371904
4.399399
4.426895
4.454390
4.481886
4.509382
4.536877
4.564373
4.591868
4.619364
4.646859
4.674355
4.701851
4.729346
4.756842
4.784337
4.811833
4.839328
4.866824
4.894320
4.921815
4.949311
4.976806
5.004302
5.031797
5.059293
5.086788
5.114284
5.141780
5.169275
5.196771
5.224266
5.251762
5.279257
5.306753
5.334249
5.361744
5.389240
5.416735
5.444231
5.471726
5.499222
5.526718
5.554213
5.581709
5.609204
5.636700
5.664195
5.691691
5.719186
5.746682
5.774178
5.801673
5.829169
5.856664
5.884160
5.911655
5.939151
5.966647
5.994142
6.021638
6.049133
6.076629
6.104124
6.131620
6.159116
6.186611
6.214107
6.241602
6.269098
6.296593
6.324089
6.351585
6.379080
6.406576
6.434071
6.461567
6.489062
6.516558
6.544053
6.571549
6.599045
6.626540
6.654036
6.681531
6.709027
6.736522
6.764018
6.791514
6.819009
6.846505
6.874000
6.901496
6.928991
6.956487
6.983983
7.011478
7.038974
