0.000109
0.084948
0.123099
0.154324
0.183695
0.207168
0.231091
0.250253
0.272291
0.297462
0.322845
0.347711
0.369652
0.391799
0.410938
0.425820
0.439875
0.454698
0.467538
0.480206
0.492036
0.504801
0.516870
0.529357
0.541785
0.554298
0.566518
0.578646
0.589387
0.600740
0.611265
0.622126
0.633311
0.644371
0.654254
0.664648
0.675703
0.684583
0.695249
0.705618
0.715248
0.725479
0.735128
0.745088
0.754215
0.763529
0.773506
0.783714
0.793291
0.803640
0.813272
0.823521
0.833956
0.843103
0.851435
0.860638
0.870412
0.880670
0.890461
0.900384
0.911096
0.922073
0.933479
0.944496
0.956204
0.966215
0.977081
0.987909
0.998529
1.010393
1.022290
1.033351
1.045178
1.057340
1.069704
1.080379
1.092800
1.105800
1.119364
1.130900
1.143324
1.154517
1.165500
1.176747
1.188192
1.199432
1.210393
1.221403
1.231756
1.243801
1.254034
1.265356
1.277200
1.289056
1.299249
1.310809
1.321963
1.333309
1.344098
1.355994
1.366589
1.378318
1.389578
1.399686
1.411563
1.423337
1.435246
1.446526
1.458389
1.469775
1.481488
1.492153
1.502824
1.513885
1.524217
1.534638
1.545570
1.555773
1.566580
1.577293
1.587220
1.597833
1.608766
1.619548
1.630557
1.641270
1.651929
1.662903
1.673467
1.684306
1.694950
1.705871
1.717574
1.729433
1.740944
1.752160
1.764181
1.774804
1.786290
1.797996
1.809033
1.819734
1.829878
1.839971
1.850357
1.861246
1.871100
1.882809
1.893945
1.904836
1.916470
1.928584
1.940500
1.952599
1.964156
1.975094
1.987336
1.999349
2.011702
2.024397
2.037826
2.051452
2.064200
2.077315
2.089874
2.102833
2.114772
2.127648
2.138720
2.150060
2.158747
2.167063
2.175508
2.183777
2.192099
2.200076
2.208801
2.216400
2.224098
2.231484
2.239109
2.246889
2.254169
2.261166
2.268315
2.275838
2.283280
2.291052
2.298053
2.304996
2.312182
2.319472
2.326710
2.334249
2.341729
2.349368
2.356653
2.364524
2.372865
2.381142
2.389163
2.396630
2.404840
2.413251
2.421625
2.429894
2.439011
2.448677
2.458618
2.468221
2.478337
2.489159
2.499430
2.509985
2.520822
2.532589
2.543749
2.555778
2.567705
2.580090
2.593429
2.606697
2.620780
2.634537
2.650500
2.665989
2.682746
2.701223
2.719945
2.739821
2.760937
2.784011
2.807692
2.832910
2.859424
2.885001
2.911115
2.938937
2.965558
2.993035
3.022654
3.052005
3.082038
3.114392
3.148447
3.182698
3.219139
3.262839
3.312324
3.371081
3.456439
3.562209
3.668174
3.795213
3.962461
4.298218
7.038974
