-0.000100
-0.000090
-0.000080
-0.000070
-0.000060
-0.000050
-0.000039
-0.000029
-0.000019
-0.000009
0.000001
0.000011
0.000021
0.000031
0.000041
0.000051
0.000061
0.000072
0.000082
0.000092
0.000102
0.000112
0.000122
0.000132
0.000142
0.000152
0.000162
0.000172
0.000183
0.000193
0.000203
0.000213
0.000223
0.000233
0.000243
0.000253
0.000263
0.000273
0.000283
0.000294
0.000304
0.000314
0.000324
0.000334
0.000344
0.000354
0.000364
0.000374
0.000384
0.000394
0.000405
0.000415
0.000425
0.000435
0.000445
0.000455
0.000465
0.000475
0.000485
0.000495
0.000505
0.000516
0.000526
0.000536
0.000546
0.000556
0.000566
0.000576
0.000586
0.000596
0.000606
0.000616
0.000626
0.000637
0.000647
0.000657
0.000667
0.000677
0.000687
0.000697
0.000707
0.000717
0.000727
0.000737
0.000748
0.000758
0.000768
0.000778
0.000788
0.000798
0.000808
0.000818
0.000828
0.000838
0.000848
0.000859
0.000869
0.000879
0.000889
0.000899
0.000909
0.000919
0.000929
0.000939
0.000949
0.000959
0.000970
0.000980
0.000990
0.001000
0.001010
0.001020
0.001030
0.001040
0.001050
0.001060
0.001070
0.001081
0.001091
0.001101
0.001111
0.001121
0.001131
0.001141
0.001151
0.001161
0.001171
0.001181
0.001192
0.001202
0.001212
0.001222
0.001232
0.001242
0.001252
0.001262
0.001272
0.001282
0.001292
0.001303
0.001313
0.001323
0.001333
0.001343
0.001353
0.001363
0.001373
0.001383
0.001393
0.001403
0.001414
0.001424
0.001434
0.001444
0.001454
0.001464
0.001474
0.001484
0.001494
0.001504
0.001514
0.001525
0.001535
0.001545
0.001555
0.001565
0.001575
0.001585
0.001595
0.001605
0.001615
0.001625
0.001636
0.001646
0.001656
0.001666
0.001676
0.001686
0.001696
0.001706
0.001716
0.001726
0.001736
0.001747
0.001757
0.001767
0.001777
0.001787
0.001797
0.001807
0.001817
0.001827
0.001837
0.001847
0.001857
0.001868
0.001878
0.001888
0.001898
0.001908
0.001918
0.001928
0.001938
0.001948
0.001958
0.001968
0.001979
0.001989
0.001999
0.002009
0.002019
0.002029
0.002039
0.002049
0.002059
0.002069
0.002079
0.002090
0.002100
0.002110
0.002120
0.002130
0.002140
0.002150
0.002160
0.002170
0.002180
0.002190
0.002201
0.002211
0.002221
0.002231
0.002241
0.002251
0.002261
0.002271
0.002281
0.002291
0.002301
0.002312
0.002322
0.002332
0.002342
0.002352
0.002362
0.002372
0.002382
0.002392
0.002402
0.002412
0.002423
0.002433
0.002443
0.002453
0.002463
0.002473
0.002483
0.002493
0.002503
0.002513
0.002523
0.002534
0.002544
0.002554
0.002564
0.002574
0.002584
0.002594
0.002604
0.002614
0.002624
0.002634
0.002645
0.002655
0.002665
0.002675
0.002685
0.002695
0.002705
0.002715
0.002725
0.002735
0.002745
0.002756
0.002766
0.002776
0.002786
0.002796
0.002806
0.002816
0.002826
0.002836
0.002846
0.002856
0.002867
0.002877
0.002887
0.002897
0.002907
0.002917
0.002927
0.002937
0.002947
0.002957
0.002967
0.002978
0.002988
0.002998
0.003008
0.003018
0.003028
0.003038
0.003048
0.003058
0.003068
0.003078
0.003088
0.003099
0.003109
0.003119
0.003129
0.003139
0.003149
0.003159
0.003169
0.003179
0.003189
0.003199
0.003210
0.003220
0.003230
0.003240
0.003250
0.003260
0.003270
0.003280
0.003290
0.003300
0.003310
0.003321
0.003331
0.003341
0.003351
0.003361
0.003371
0.003381
0.003391
0.003401
0.003411
0.003421
0.003432
0.003442
0.003452
0.003462
0.003472
0.003482
0.003492
0.003502
0.003512
0.003522
0.003532
0.003543
0.003553
0.003563
0.003573
0.003583
0.003593
0.003603
0.003613
0.003623
0.003633
0.003643
0.003654
0.003664
0.003674
0.003684
0.003694
0.003704
0.003714
0.003724
0.003734
0.003744
0.003754
0.003765
0.003775
0.003785
0.003795
0.003805
0.003815
0.003825
0.003835
0.003845
0.003855
0.003865
0.003876
0.003886
0.003896
0.003906
0.003916
0.003926
0.003936
0.003946
0.003956
0.003966
0.003976
0.003987
0.003997
0.004007
0.004017
0.004027
0.004037
0.004047
0.004057
0.004067
0.004077
0.004087
0.004098
0.004108
0.004118
0.004128
0.004138
0.004148
0.004158
0.004168
0.004178
0.004188
0.004198
0.004209
0.004219
0.004229
0.004239
0.004249
0.004259
0.004269
0.004279
0.004289
0.004299
0.004309
0.004319
0.004330
0.004340
0.004350
0.004360
0.004370
0.004380
0.004390
0.004400
0.004410
0.004420
0.004430
0.004441
0.004451
0.004461
0.004471
0.004481
0.004491
0.004501
0.004511
0.004521
0.004531
0.004541
0.004552
0.004562
0.004572
0.004582
0.004592
0.004602
0.004612
0.004622
0.004632
0.004642
0.004652
0.004663
0.004673
0.004683
0.004693
0.004703
0.004713
0.004723
0.004733
0.004743
0.004753
0.004763
0.004774
0.004784
0.004794
0.004804
0.004814
0.004824
0.004834
0.004844
0.004854
0.004864
0.004874
0.004885
0.004895
0.004905
0.004915
0.004925
0.004935
0.004945
0.004955
0.004965
0.004975
0.004985
0.004996
0.005006
0.005016
0.005026
0.005036
0.005046
0.005056
0.005066
