-0.000100
-0.000060
-0.000019
0.000021
0.000061
0.000102
0.000142
0.000183
0.000223
0.000263
0.000304
0.000344
0.000384
0.000425
0.000465
0.000505
0.000546
0.000586
0.000626
0.000667
0.000707
0.000748
0.000788
0.000828
0.000869
0.000909
0.000949
0.000990
0.001030
0.001070
0.001111
0.001151
0.001192
0.001232
0.001272
0.001313
0.001353
0.001393
0.001434
0.001474
0.001514
0.001555
0.001595
0.001636
0.001676
0.001716
0.001757
0.001797
0.001837
0.001878
0.001918
0.001958
0.001999
0.002039
0.002079
0.002120
0.002160
0.002201
0.002241
0.002281
0.002322
0.002362
0.002402
0.002443
0.002483
0.002523
0.002564
0.002604
0.002645
0.002685
0.002725
0.002766
0.002806
0.002846
0.002887
0.002927
0.002967
0.003008
0.003048
0.003088
0.003129
0.003169
0.003210
0.003250
0.003290
0.003331
0.003371
0.003411
0.003452
0.003492
0.003532
0.003573
0.003613
0.003654
0.003694
0.003734
0.003775
0.003815
0.003855
0.003896
0.003936
0.003976
0.004017
0.004057
0.004098
0.004138
0.004178
0.004219
0.004259
0.004299
0.004340
0.004380
0.004420
0.004461
0.004501
0.004541
0.004582
0.004622
0.004663
0.004703
0.004743
0.004784
0.004824
0.004864
0.004905
0.004945
0.004985
0.005026
0.005066
