-0.000100
-0.000080
-0.000060
-0.000039
-0.000019
0.000001
0.000021
0.000041
0.000061
0.000082
0.000102
0.000122
0.000142
0.000162
0.000183
0.000203
0.000223
0.000243
0.000263
0.000283
0.000304
0.000324
0.000344
0.000364
0.000384
0.000405
0.000425
0.000445
0.000465
0.000485
0.000505
0.000526
0.000546
0.000566
0.000586
0.000606
0.000626
0.000647
0.000667
0.000687
0.000707
0.000727
0.000748
0.000768
0.000788
0.000808
0.000828
0.000848
0.000869
0.000889
0.000909
0.000929
0.000949
0.000970
0.000990
0.001010
0.001030
0.001050
0.001070
0.001091
0.001111
0.001131
0.001151
0.001171
0.001192
0.001212
0.001232
0.001252
0.001272
0.001292
0.001313
0.001333
0.001353
0.001373
0.001393
0.001414
0.001434
0.001454
0.001474
0.001494
0.001514
0.001535
0.001555
0.001575
0.001595
0.001615
0.001636
0.001656
0.001676
0.001696
0.001716
0.001736
0.001757
0.001777
0.001797
0.001817
0.001837
0.001857
0.001878
0.001898
0.001918
0.001938
0.001958
0.001979
0.001999
0.002019
0.002039
0.002059
0.002079
0.002100
0.002120
0.002140
0.002160
0.002180
0.002201
0.002221
0.002241
0.002261
0.002281
0.002301
0.002322
0.002342
0.002362
0.002382
0.002402
0.002423
0.002443
0.002463
0.002483
0.002503
0.002523
0.002544
0.002564
0.002584
0.002604
0.002624
0.002645
0.002665
0.002685
0.002705
0.002725
0.002745
0.002766
0.002786
0.002806
0.002826
0.002846
0.002867
0.002887
0.002907
0.002927
0.002947
0.002967
0.002988
0.003008
0.003028
0.003048
0.003068
0.003088
0.003109
0.003129
0.003149
0.003169
0.003189
0.003210
0.003230
0.003250
0.003270
0.003290
0.003310
0.003331
0.003351
0.003371
0.003391
0.003411
0.003432
0.003452
0.003472
0.003492
0.003512
0.003532
0.003553
0.003573
0.003593
0.003613
0.003633
0.003654
0.003674
0.003694
0.003714
0.003734
0.003754
0.003775
0.003795
0.003815
0.003835
0.003855
0.003876
0.003896
0.003916
0.003936
0.003956
0.003976
0.003997
0.004017
0.004037
0.004057
0.004077
0.004098
0.004118
0.004138
0.004158
0.004178
0.004198
0.004219
0.004239
0.004259
0.004279
0.004299
0.004319
0.004340
0.004360
0.004380
0.004400
0.004420
0.004441
0.004461
0.004481
0.004501
0.004521
0.004541
0.004562
0.004582
0.004602
0.004622
0.004642
0.004663
0.004683
0.004703
0.004723
0.004743
0.004763
0.004784
0.004804
0.004824
0.004844
0.004864
0.004885
0.004905
0.004925
0.004945
0.004965
0.004985
0.005006
0.005026
0.005046
0.005066
