-0.000100
-0.000019
0.000061
0.000142
0.000223
0.000304
0.000384
0.000465
0.000546
0.000626
0.000707
0.000788
0.000869
0.000949
0.001030
0.001111
0.001192
0.001272
0.001353
0.001434
0.001514
0.001595
0.001676
0.001757
0.001837
0.001918
0.001999
0.002079
0.002160
0.002241
0.002322
0.002402
0.002483
0.002564
0.002645
0.002725
0.002806
0.002887
0.002967
0.003048
0.003129
0.003210
0.003290
0.003371
0.003452
0.003532
0.003613
0.003694
0.003775
0.003855
0.003936
0.004017
0.004098
0.004178
0.004259
0.004340
0.004420
0.004501
0.004582
0.004663
0.004743
0.004824
0.004905
0.004985
0.005066
